0.0	2.8137958140905965	0.017859993918308056
0.0	3.56511	0.007588695462764609
0.0	2.8137958140905965	0.017859993918308056
0.0	2.570518653321201	0.01882475852005925
0.0	3.5639381327784223	0.007583935979683372
0.0	3.56511	0.007588695462764609
0.0	3.495006567562496	0.007440931645072983
0.0	3.3950180201979037	0.007998379461253279
0.0	3.3950180201979037	0.007998379461253279
0.0	3.5639381327784223	0.007583935979683372
0.0	3.5639381327784223	0.007583935979683372
0.0	3.3950180201979037	0.007998379461253279
0.0	3.56511	0.007588695462764609
0.0	3.56511	0.007588695462764609
0.0	3.3950180201979037	0.007998379461253279
0.0	3.56511	0.007588695462764609
0.0	3.56511	0.007588695462764609
0.0	3.56511	0.007588695462764609
0.0	3.56511	0.007588695462764609
0.0	3.56511	0.007588695462764609
0.0	3.5540650529044706	0.00755646101445534
0.0	3.5540650529044706	0.00755646101445534
0.0	3.5540650529044706	0.00755646101445534
0.0	3.5540650529044706	0.00755646101445534
0.0	3.56511	0.007588695462764609
0.0	3.551175712675149	0.007552087144468509
0.0	3.551175712675149	0.007552087144468509
0.0	3.56511	0.007588695462764609
0.0	3.3950180201979037	0.007998379461253279
0.0	3.3950180201979037	0.007998379461253279
100.0	3.4885664809182337	0.007744892871041269
110.0	3.4776827896512934	0.007750021908894394
120.0	3.4689899989760042	0.007769007518244379
130.0	3.457411210855468	0.0077913157467252945
140.0	3.4491574937483933	0.0078105892668324855
150.0	3.441816719116012	0.00783244331024178
160.0	3.4332307986929824	0.007861258163411057
170.0	3.425569070689676	0.00788766305838745
180.0	3.4176743273405115	0.007897416094289223
190.0	3.4090395339883	0.007935166514523074
200.0	3.40394849139013	0.007971059849593365
100.0	3.6666666666666665	2.117041961479902
110.0	3.6666666666666665	2.117041961479902
120.0	3.6666666666666665	2.117041961479902
130.0	3.6666666666666665	2.117041961479902
140.0	3.6666666666666665	2.117041961479902
150.0	3.6666666666666665	2.117041961479902
160.0	3.6666666666666665	2.117041961479902
170.0	3.6666666666666665	2.117041961479902
180.0	3.6666666666666665	2.117041961479902
190.0	3.6666666666666665	2.117041961479902
200.0	3.6666666666666665	2.117041961479902
100.0	3.6666666666666665	2.117041961479902
110.0	3.6666666666666665	2.117041961479902
120.0	3.6666666666666665	2.117041961479902
130.0	3.6666666666666665	2.117041961479902
140.0	3.6666666666666665	2.117041961479902
150.0	3.6666666666666665	2.117041961479902
160.0	3.6666666666666665	2.117041961479902
170.0	3.6666666666666665	2.117041961479902
180.0	3.6666666666666665	2.117041961479902
190.0	3.6666666666666665	2.117041961479902
200.0	3.6666666666666665	2.117041961479902
100.0	3.6666666666666665	2.117041961479902
110.0	3.6666666666666665	2.117041961479902
120.0	3.6666666666666665	2.117041961479902
130.0	3.6666666666666665	2.117041961479902
140.0	3.6666666666666665	2.117041961479902
150.0	3.6666666666666665	2.117041961479902
160.0	3.6666666666666665	2.117041961479902
170.0	3.6666666666666665	2.117041961479902
180.0	3.6666666666666665	2.117041961479902
190.0	3.6666666666666665	2.117041961479902
200.0	3.6666666666666665	2.117041961479902
0.0	3.6666666666666665	2.117041961479902
0.0	3.6666666666666665	2.117041961479902
0.0	3.6666666666666665	2.117041961479902
0.0	3.5	1.4608977452998626
0.0	3.5	1.4608977452998626
0.0	3.48	0.2092191518144363
0.0	3.48	0.2092191518144363
0.0	3.48	0.2092191518144363
0.0	3.48	0.2092191518144363
0.0	3.48	0.2092191518144363
0.0	3.48	0.2092191518144363
0.0	3.48	0.2092191518144363
0.0	3.48	0.2092191518144363
0.0	3.4838709677419355	0.21436384763389468
0.0	3.4838709677419355	0.21436384763389468
0.0	3.4838709677419355	0.21436384763389468
0.0	3.4838709677419355	0.21436384763389468
0.0	3.4838709677419355	0.21436384763389468
0.0	3.4838709677419355	0.21436384763389468
0.0	3.4838709677419355	0.21436384763389468
0.0	3.278787878787879	0.1517267248858297
0.0	3.603238866396761	0.15014364187051576
0.0	3.5684610883557637	0.04146825336531422
0.0	3.5684610883557637	0.04146825336531422
0.0	3.5684610883557637	0.04146825336531422
0.0	3.5684610883557637	0.04146825336531422
0.0	3.5684610883557637	0.04146825336531422
0.0	3.5684610883557637	0.04146825336531422
0.0	3.5684610883557637	0.04146825336531422
0.0	3.544165435745938	0.04114188256601882
0.0	3.544434602893416	0.04104586905160146
0.0	3.426601287159056	0.038540139685815815
0.0	3.4375963020030817	0.03915899838707259
0.0	3.4431082331174836	0.03921877333437868
0.0	3.434567901234568	0.03890783841859178
0.0	3.4334869431643624	0.038865117036779626
0.0	3.4280722189866046	0.03756321097154667
0.0	3.4240579710144927	0.03728459573232871
0.0	3.4174113577399825	0.03692055690098489
0.0	3.4251445086705203	0.03687768210706847
0.0	3.4145212612091407	0.03689827062234655
0.0	3.4306442251886247	0.03747639995553395
0.0	3.438332368268674	0.037610559716282244
0.0	3.421924978191335	0.0372043011875906
0.0	3.376155268022181	0.03769944238230015
0.0	3.3674661746617467	0.03719345548295961
0.0	3.4290275761973876	0.0374655604410163
0.0	3.4108233924934535	0.036817834565953216
0.0	3.4264018691588785	0.0375802322353467
0.0	3.4387637203928367	0.03743871413796177
0.0	3.42745438748914	0.03725424466601847
0.0	3.416401963615362	0.036627324013004094
0.0	3.421220930232558	0.03712295535771831
0.0	3.1896676300578033	0.03704753166909858
0.0	3.192667145938174	0.03751091905146326
0.0	3.183807439824945	0.03792798504745191
0.0	3.1938181818181817	0.03729195595704229
0.0	3.1926705370101596	0.03760983600783917
0.0	3.4138331880267363	0.03690185189968514
0.0	3.420838183934808	0.037318374089697445
0.0	3.4210526315789473	0.03707862705755361
0.0	3.432166618455308	0.03738904215609145
0.0	3.4281177829099305	0.03721786969136555
0.0	3.6	1.117371916597154
0.0	3.6	1.117371916597154
0.0	3.6	1.117371916597154
0.0	3.6	1.117371916597154
0.0	3.6	1.117371916597154
0.0	3.6	1.117371916597154
0.0	3.6	1.117371916597154
0.0	3.6	1.117371916597154
0.0	3.6	1.117371916597154
0.0	3.6	1.117371916597154
0.0	3.6	1.117371916597154
0.0	3.6	1.117371916597154
0.0	3.6	1.117371916597154
0.0	3.6	1.117371916597154
0.0	3.6	1.117371916597154
0.0	3.6	1.117371916597154
0.0	3.6	1.117371916597154
0.0	3.6	1.117371916597154
0.0	3.6	1.117371916597154
0.0	3.3333333333333335	0.7698334405381457
0.0	3.4583333333333335	0.49659394383496064
0.0	3.4583333333333335	0.49659394383496064
0.0	3.4583333333333335	0.49659394383496064
0.0	3.4583333333333335	0.49659394383496064
0.0	3.551175712675149	0.007552087144468509
0.0	3.5549604333205806	0.01066492832464785
0.0	3.522048157818393	0.010769337412120022
0.0	3.56511	0.007588695462764609
0.0	3.4583333333333335	0.49659394383496064
0.0	3.4583333333333335	0.49659394383496064
0.0	2.927659574468085	0.12751727507136645
0.0	2.909465020576132	0.1238957108098417
0.0	2.909465020576132	0.1238957108098417
0.0	2.909465020576132	0.1238957108098417
0.0	2.909465020576132	0.1238957108098417
0.0	2.927659574468085	0.12751727507136645
0.0	2.927659574468085	0.12751727507136645
0.0	3.533	0.07696571975830416
0.0	3.533	0.07696571975830416
0.0	3.533	0.07696571975830416
0.0	3.379232505643341	0.07307057971052998
0.0	3.379232505643341	0.07307057971052998
0.0	3.379232505643341	0.07307057971052998
0.0	3.379232505643341	0.07307057971052998
0.0	3.379232505643341	0.07307057971052998
0.0	3.0	0.19390719429665315
0.0	3.0367816091954025	0.09846937483709246
0.0	3.0131291028446388	0.09591169112358551
0.0	3.013157894736842	0.0961224693745153
0.0	3.0153508771929824	0.09621619570959748
0.0	3.0153508771929824	0.09621619570959748
0.0	3.65	0.2381936409536494
0.0	3.65	0.2381936409536494
0.0	3.533	0.07696571975830416
0.0	3.533	0.07696571975830416
0.0	3.0153508771929824	0.09621619570959748
0.0	3.013157894736842	0.0961224693745153
0.0	3.0131291028446388	0.09591169112358551
0.0	3.0131291028446388	0.09591169112358551
0.0	3.0367816091954025	0.09846937483709246
0.0	3.0367816091954025	0.09846937483709246
0.0	3.0367816091954025	0.09846937483709246
0.0	3.0367816091954025	0.09846937483709246
0.0	3.0131291028446388	0.09591169112358551
0.0	3.0367816091954025	0.09846937483709246
0.0	3.0367816091954025	0.09846937483709246
0.0	3.0367816091954025	0.09846937483709246
0.0	3.0367816091954025	0.09846937483709246
0.0	3.0367816091954025	0.09846937483709246
0.0	3.0367816091954025	0.09846937483709246
0.0	3.0367816091954025	0.09846937483709246
0.0	3.0367816091954025	0.09846937483709246
0.0	3.0367816091954025	0.09846937483709246
0.0	3.0367816091954025	0.09846937483709246
0.0	3.0367816091954025	0.09846937483709246
0.0	3.0367816091954025	0.09846937483709246
0.0	3.0367816091954025	0.09846937483709246
0.0	3.0367816091954025	0.09846937483709246
0.0	3.0367816091954025	0.09846937483709246
0.0	3.0367816091954025	0.09846937483709246
0.0	3.0367816091954025	0.09846937483709246
0.0	3.0367816091954025	0.09846937483709246
0.0	3.0367816091954025	0.09846937483709246
0.0	3.0367816091954025	0.09846937483709246
0.0	3.0367816091954025	0.09846937483709246
0.0	3.218068535825545	0.11856823069860194
0.0	3.218068535825545	0.11856823069860194
0.0	3.218068535825545	0.11856823069860194
0.0	3.218068535825545	0.11856823069860194
0.0	3.0367816091954025	0.09846937483709246
0.0	3.062350119904077	0.10283453721102989
0.0	3.0262529832935563	0.10108142769980201
0.0	3.11228813559322	0.09444072753195538
0.0	3.0241228070175437	0.09562054753215882
0.0	3.0131291028446388	0.09591169112358551
0.0	3.0131291028446388	0.09591169112358551
0.0	3.0131291028446388	0.09591169112358551
0.0	3.467811158798283	0.14874930524144162
0.0	3.0131291028446388	0.09591169112358551
0.0	3.0131291028446388	0.09591169112358551
0.0	3.0131291028446388	0.09591169112358551
0.0	3.2134146341463414	0.11822713200426697
0.0	3.238482384823848	0.1108304243502891
0.0	3.2291666666666665	0.1177954688469773
0.0	3.2291666666666665	0.1177954688469773
0.0	3.2282282282282284	0.11728071428492506
0.0	3.2134146341463414	0.11822713200426697
0.0	3.2134146341463414	0.11822713200426697
0.0	3.0131291028446388	0.09591169112358551
0.0	3.0131291028446388	0.09591169112358551
0.0	3.0131291028446388	0.09591169112358551
0.0	3.0131291028446388	0.09591169112358551
0.0	3.0131291028446388	0.09591169112358551
0.0	3.0131291028446388	0.09591169112358551
0.0	3.0131291028446388	0.09591169112358551
0.0	3.0131291028446388	0.09591169112358551
0.0	3.0131291028446388	0.09591169112358551
0.0	3.0131291028446388	0.09591169112358551
0.0	3.0131291028446388	0.09591169112358551
0.0	3.0131291028446388	0.09591169112358551
0.0	3.0302375809935205	0.09651647307869939
0.0	3.0176600441501105	0.09694853990498861
0.0	3.0302375809935205	0.09651647307869939
0.0	3.2134146341463414	0.11822713200426697
0.0	3.0131291028446388	0.09591169112358551
0.0	3.0131291028446388	0.09591169112358551
0.0	3.0131291028446388	0.09591169112358551
0.0	3.0131291028446388	0.09591169112358551
0.0	3.0131291028446388	0.09591169112358551
0.0	3.0131291028446388	0.09591169112358551
0.0	3.0367816091954025	0.09846937483709246
0.0	3.0367816091954025	0.09846937483709246
0.0	3.218068535825545	0.11856823069860194
0.0	3.218068535825545	0.11856823069860194
0.0	3.218068535825545	0.11856823069860194
0.0	3.218068535825545	0.11856823069860194
0.0	3.218068535825545	0.11856823069860194
0.0	3.218068535825545	0.11856823069860194
0.0	3.218068535825545	0.11856823069860194
0.0	3.218068535825545	0.11856823069860194
0.0	3.0367816091954025	0.09846937483709246
0.0	3.588	0.02426257120639907
0.0	3.5574300434387314	0.02394165130481717
0.0	3.5574300434387314	0.02394165130481717
0.0	3.565811965811966	0.0239666981438761
0.0	3.565811965811966	0.0239666981438761
0.0	3.565811965811966	0.0239666981438761
0.0	3.565811965811966	0.0239666981438761
0.0	3.565811965811966	0.0239666981438761
0.0	3.565811965811966	0.0239666981438761
0.0	3.565811965811966	0.0239666981438761
0.0	3.565811965811966	0.0239666981438761
0.0	3.565811965811966	0.0239666981438761
0.0	3.565811965811966	0.0239666981438761
0.0	3.565811965811966	0.0239666981438761
0.0	3.565811965811966	0.0239666981438761
0.0	3.565811965811966	0.0239666981438761
0.0	3.565811965811966	0.0239666981438761
0.0	3.565811965811966	0.0239666981438761
0.0	3.565811965811966	0.0239666981438761
0.0	3.565811965811966	0.0239666981438761
0.0	3.565811965811966	0.0239666981438761
0.0	3.565811965811966	0.0239666981438761
0.0	3.565811965811966	0.0239666981438761
0.0	3.565811965811966	0.0239666981438761
0.0	3.565811965811966	0.0239666981438761
0.0	3.565811965811966	0.0239666981438761
0.0	3.565811965811966	0.0239666981438761
0.0	3.565811965811966	0.0239666981438761
0.0	3.565811965811966	0.0239666981438761
0.0	3.565811965811966	0.0239666981438761
0.0	3.565811965811966	0.0239666981438761
0.0	3.565811965811966	0.0239666981438761
0.0	3.565811965811966	0.0239666981438761
0.0	3.565811965811966	0.0239666981438761
0.0	3.565811965811966	0.0239666981438761
0.0	2.95	0.44906279752600686
0.0	2.95	0.44906279752600686
0.0	2.95	0.44906279752600686
0.0	2.95	0.44906279752600686
0.0	2.95	0.44906279752600686
0.0	2.95	0.44906279752600686
0.0	2.95	0.44906279752600686
0.0	2.95	0.44906279752600686
0.0	2.95	0.44906279752600686
0.0	2.95	0.44906279752600686
0.0	2.95	0.44906279752600686
0.0	2.95	0.44906279752600686
0.0	3.375974780155965	0.030404228430171317
